25315
5962
30730
25250
31007
30961
5955
75112
30983
36488
30738
36226
44102
5958
30963
31083
5964
25319
75300
5981
173638
72463
31079
123589
134237
190246
36455
34137
378563
198510
75320
123593
34136
104056
416826
34123
34121
459435
215125
25783
280312
30989
459394
417434
459485
223056
34131
136349
148
62229
29175
209103
132878
378576
25735
36485
163484
140172
132875
215766
244296
262375
262496
31067
189781
-72630
378603
17
123624
262511
378556
25719
27747
30741
22599
383496
215762
287432
383494
190256
476633
196855
34117
136021
25741
11318
189732
190255
11782
155582
240070
209165
419329
190249
129718
150
136449
142000
120437
189714
417465
54932
362534
25717
27753
121568
149
179930
141996
554956
243113
190257
502122
25787
54927
416621
30980
67992
487765
280303
179921
137114
34064
240096
190253
473132
204337
24513
140171
25775
54933
190248
244000
427842
120438
145
266837
554957
24512
120433
123469
136407
378584
189762
24517
123600
325993
25784
270625
24433
75232
358420
221230
233101
24515
123516
34062
123511
190252
215115
24514
358421
323116
190254
68013
119798
25738
5375
221225
196143
173655
554958
196107
243124
132859
34063
204304
190247
137123
380958
215132
556365
412174
316115
157621
24516
240122
381171
157612
150177
25328
134701
550263
287687
222529
221227
204287
123592
233097
120431
209217
134248
34061
283023
25618
134058
326009
137663
340284
404397
243052
137702
162903
26036
434294
362532
136721
414051
160017
326014
262452
487772
380790
436460
54916
358396
304423
556024
177918
326021
434288
244097
215133
381155
198928
179931
137662
233099
293858
119800
434207
24040
209050
149620
134672
223053
437428
289739
178806
136630
293857
244366
146414
196
380661
378581
381178
221231
142006
287686
134985
288874
196544
556023
356843
287431
481505
417436
137242
221185
269961
233095
159992
358422
3049
13311
150527
26034
221297
556369
297307
476634
416475
136048
137646
134953
22600
459455
204281
196860
25453
459518
209042
243087
289727
134942
244368
179493
416453
25602
176529
7019
377269
220
459532
502016
75233
221259
119802
459496
417448
136153
272369
137306
412139
282848
137804
75240
157702
136385
271779
340378
137781
139
501264
354303
487701
266890
215019
6060
380367
78980
380871
244347
189809
189722
223030
5503
378788
244348
354600
30996
201
354332
356856
380496
378665
244030
538932
379326
416685
434280
379519
75235
214804
272285
434277
289723
182856
501809
380829
252922
331691
199
378942
380714
269924
556368
381119
244094
121592
164405
331763
340375
266929
272306
135054
137093
134940
161632
305958
137597
136110
231817
134059
378979
199060
446713
244
331782
289683
198546
459503
243988
340323
160019
154477
377265
158769
354349
369369
204026
434191
272406
340371
297338
525315
331867
525314
288931
461586
24744
189807
297347
289687
434224
378967
243030
501774
119804
380510
481086
289695
379021
434237
4720
501818
331880
266896
461578